C
  3   2   1   0   0   0   1   2   3
  0   1   0   0   0   0   0   1   0
  0   1   1   0   0   0   1   1   0
  3   4   4   1   6   1   4   4   3
  1   1   0   1   5   1   0   1   1
  1   4   2   1   4   1   2   4   1
  0   1   0   1   1   1   0   1   0
  9   0  10  15  50  15  10   0   9
  1   1   5   2   2   2   5   1   1
  0   0   1   1   0   1   1   0   0
R
  4  13   9   4   1   4   9  13   4
  2  11   7  17   1  17   7  11   2
  2  12   9   6   6   6   9  12   2
 13  38  39  39  29  39  39  38  13
  6  19   9  25  19  25   9  19   6
  5  50  34  39  18  39  34  50   5
  6  24  15  24  20  24  15  24   6
  8  15   6  15   4  15   6  15   8
 27  16   7  30   0  30   7  16  27
  0  24  13  15   0  15  13  24   0
N
  1   1   0   0   0   0   0   1   1
  1   3  11   1   0   1  11   3   1
  3   3   9   4   4   4   9   3   3
  8  11  23  16  14  16  23  11   8
  2   4   4  28  19  28   4   4   2
  1  32  20  50  11  50  20  32   1
  2   4   7   8  34   8   7   4   2
 20   5  24  10   4  10  24   5  20
  6   1   3  14  17  14   3   1   6
  0   0   1   4   0   4   1   0   0
A
  0   0   0   0   0   0   0   0   0
  0   0   0   0   0   0   0   0   0
  0   0   0   0   0   0   0   0   0
  0   0   0   0   0   0   0   0   0
  0   0   0   0   0   0   0   0   0
  0   0   0   0   0   0   0   0   0
  0   0   0   0   0   0   0   0   0
  0   0   0   4   0   4   0   0   0
  0   0   0   0  41   0   0   0   0
  0   0   0  50   0  50   0   0   0
B
  0   0   0   0   0   0   0   0   0
  0   0   0   0   0   0   0   0   0
  0   0   0   0   0   0   0   0   0
  0   0   0   0   0   0   0   0   0
  0   0   0   0   0   0   0   0   0
  0   0   3   0   0   0   3   0   0
  0   0   0   0   0   0   0   0   0
  3   0   0   0  41   0   0   0   3
  0   0   0   0   0   0   0   0   0
  0   0  50   0   0   0  50   0   0
K
  0   0   0   0   0   0   0   0   0
  0   0   0   0   0   0   0   0   0
  0   0   0   0   0   0   0   0   0
  0   0   0   0   0   0   0   0   0
  0   0   0   0   0   0   0   0   0
  0   0   0   0   0   0   0   0   0
  0   0   0   0   0   0   0   0   0
  0   0   0   2   3   2   0   0   0
  0   0   0  21  26  21   0   0   0
  0   0   0  41  50  41   0   0   0